ID	TYPE	SPINE	Define	Position	Wait	Transform	Rotate	Scale	Time	Parent	SpawnId
99999901	18	AVG_V_3_AC9999	0	0	0	0	0	1	0		
10110101	12	BG/AVG/avg_bg_060.jpg	0	0	0.5	0	0	1	0		
10110201	0		0	0	0	0	0	1	0		
10110301	0		0	0	0	0	0	1	0		
10110401	0		0	0	0	0	0	1	0		
10110501	0		0	0	0	0	0	1	0		
10110601	0		0	0	0	0	0	1	0		
10110701	0		0	0	0	0	0	1	0		
10110801	0		0	0	0	0	0	1	0		
10110901	0		0	0	0	0	0	1	0		
10111001	0		0	0	0	0	0	1	0		
10111101	0		0	0	0	0	0	1	0		
10111201	0		0	0	0	0	0	1	0		
10111301	13		0	0	1	0	0	1	0		
10111401	0		0	0	0	0	0	1	0		
10111501	0		0	0	0	0	0	1	0		
10111601	0		0	0	0	0	0	1	0		
10111701	0		0	0	0	0	0	1	0		
10111801	0		0	0	0	0	0	1	0		
10111901	0		0	0	0	0	0	1	0		
10112001	0		0	0	0	0	0	1	0		
10112101	4	F9	0	0	0	0	0	1	0		
10112102	12	BG/AVG/avg_bg_111.jpg	0	0	0.5	0	0	1	0		
10112103	13		0	0	1	0	0	1	0		
10112201	0		0	0	0	0	0	1	0		
10112301	9	A00,Spine/NG2D_nobg,AVG_00101	1	-250,0	0	0	0	1	0		
10112302	14	1	1	0	0	0	0	1	0		
10112401	14	0	1	0	0	0	0	1	0		
10112402	9	A00,Spine/NG2D_nobg,AVG_01701	2	250,0	0	0	0	1	0		
10112403	14	1	2	0	0	0	0	1	0		
10112501	0		0	0	0	0	0	1	0		
10112601	0		0	0	0	0	0	1	0		
10112701	0		0	0	0	0	0	1	0		
10112801	14	0	2	0	0	0	0	1	0		
10112802	14	1	1	0	0	0	0	1	0		
10112803	1	F05	1	0	0	0	0	1	0		
10112901	14	0	1	0	0	0	0	1	0		
10113001	0		0	0	0	0	0	1	0		
10113101	0		0	0	0	0	0	1	0		
10113201	14	1	1	0	0	0	0	1	0		
10113301	14	0	1	0	0	0	0	1	0		
10113302	10		2	0	0	0	0	1	0		
10113303	9	F05,Spine/NG2D_nobg,AVG_00201	2	250,0	0.3	0	0	1	0		
10113304	14	1	2	0	0	0	0	1	0		
10113401	14	0	2	0	0	0	0	1	0		
10113501	14	1	2	0	0	0	0	1	0		
10113601	14	0	2	0	0	0	0	1	0		
10113701	14	1	2	0	0	0	0	1	0		
10113801	0		0	0	0	0	0	1	0		
10113901	14	0	2	0	0	0	0	1	0		
10114001	14	1	2	0	0	0	0	1	0		
10114101	14	0	2	0	0	0	0	1	0		
10114201	14	1	2	0	0	0	0	1	0		
10114301	14	0	2	0	0	0	0	1	0		
10114302	14	1	1	0	0	0	0	1	0		
10114303	1	A00	1	0	0	0	0	1	0		
10114401	14	0	1	0	0	0	0	1	0		
10114402	14	1	2	0	0	0	0	1	0		
10114403	1	F04	2	0	0	0	0	1	0		
10114501	0		0	0	0	0	0	1	0		
10114601	0		0	0	0	0	0	1	0		
10114701	14	1	1	0	0	0	0	1	0		
10114702	14	0	2	0	0	0	0	1	0		
10114801	0		0	0	0	0	0	1	0		
10114901	14	0	1	0	0	0	0	1	0		
10115001	0		0	0	0	0	0	1	0		
10115101	0		0	0	0	0	0	1	0		
10115201	14	1	1	0	0	0	0	1	0		
10115202	1	F02	1	0	0	0	0	1	0		
10115301	0		0	0	0	0	0	1	0		
10120101	9	F02,Spine/NG2D_nobg,AVG_00201	1	0,0	0	0	0	1	0		
10120102	14	1	1	0	0	0	0	1	0		
10120201	14	0	1	0	0	0	0	1	0		
10120301	14	1	1	0	0	0	0	1	0		
10120401	0		0	0	0	0	0	1	0		
10120501	14	0	1	0	0	0	0	1	0		
10120601	0		0	0	0	0	0	1	0		
10120701	15		0	0	0.5	0	0	1	6		
10120801	14	1	1	0	0	0	0	1	0		
10120802	1	F04	1	0	0	0	0	1	0		
10120901	14	0	1	0	0	0	0	1	0		
10121001	0		0	0	0	0	0	1	0		
10121101	0		0	0	0	0	0	1	0		
10121201	0		0	0	0	0	0	1	0		
10121301	13		0	0	1	0	0	1	0		
10121401	10		1	0	0	0	0	1	0		
10121402	4	F9	0	0	0	0	0	1	0		
10121403	12	BG/AVG/avg_bg_9952.jpg	0	0	0.5	0	0	1	0		
10121404	13		0	0	1	0	0	1	0		
10121501	0		0	0	0	0	0	1	0		
10121601	0		0	0	0	0	0	1	0		
10121701	15		0	0	0.5	0	0	1	6		
10121801	0		0	0	0	0	0	1	0		
10121901	0		0	0	0	0	0	1	0		
10122001	0		0	0	0	0	0	1	0		
10122101	0		0	0	0	0	0	1	0		
10122201	0		0	0	0	0	0	1	0		
10122301	0		0	0	0	0	0	1	0		
10122401	16	F2	0	0	0	0	0	1	0		
10122402	15		0	0	0.5	0	0	1	6		
10122403	13		0	0	0.5	0	0	1	0		
10122501	0		0	0	0	0	0	1	0		
10122601	0		0	0	0	0	0	1	0		
10122701	0		0	0	0	0	0	1	0		
10122801	0		0	0	0	0	0	1	0		
10122901	0		0	0	0	0	0	1	0		
10123001	0		0	0	0	0	0	1	0		
10123101	0		0	0	0	0	0	1	0		
10123201	15		0	0	0.5	0	0	1	6		
10123301	16	F2	0	0	0	0	0	1	0		
10123302	13		0	0	0.5	0	0	1	0		
10123401	0		0	0	0	0	0	1	0		
10123501	0		0	0	0	0	0	1	0		
10123601	0		0	0	0	0	0	1	0		
10123701	4	F9	0	0	0	0	0	1	0		
10123702	12	BG/AVG/avg_bg_111.jpg	0	0	0.5	0	0	1	0		
10123703	13		0	0	1	0	0	1	0		
10123801	9	F04,Spine/NG2D_nobg,AVG_00201	1	0,0	0	0	0	1	0		
10123802	14	1	1	0	0	0	0	1	0		
10123901	14	0	1	0	0	0	0	1	0		
10124001	0		0	0	0	0	0	1	0		
10124101	0		0	0	0	0	0	1	0		
10124201	0		0	0	0	0	0	1	0		
10124301	14	1	1	0	0	0	0	1	0		
10124401	14	0	1	0	0	0	0	1	0		
10124501	15		0	0	0.5	0	0	1	6		
10124601	14	1	1	0	0	0	0	1	0		
10124602	1	F05	1	0	0	0	0	1	0		
10124701	0		0	0	0	0	0	1	0		
10124801	0		0	0	0	0	0	1	0		
10124901	0		0	0	0	0	0	1	0		
10125001	0		0	0	0	0	0	1	0		
10125101	0		0	0	0	0	0	1	0		
10410101	12	BG/AVG/avg_bg_089.jpg	0	0	0.5	0	0	1	0		
10410201	0		0	0	0	0	0	1	0		
10410301	16	F1	0	0	0	0	0	1	0		
10410302	12	BG/AVG/avg_bg_089.jpg	0	0	0.5	0	0	1	0		
10410303	13		0	0	1	0	0	1	0		
10410401	9	F02,Spine/NG2D_nobg,AVG_00101	1	-250,0	0	0	0	1	0		
10410402	14	1	1	0	0	0	0	1	0		
10410501	14	0	1	0	0	0	0	1	0		
10410502	9	F05,Spine/NG2D_nobg,AVG_00201	2	250,0	0	0	0	1	0		
10410503	14	1	2	0	0	0	0	1	0		
10410601	14	0	2	0	0	0	0	1	0		
10410602	1	A00	1	0	0	0	0	1	0		
10410603	14	1	1	0	0	0	0	1	0		
10410701	14	1	2	0	0	0	0	1	0		
10410702	14	0	1	0	0	0	0	1	0		
10410801	14	1	1	0	0	0	0	1	0		
10410802	14	0	2	0	0	0	0	1	0		
10410901	0		0	0	0	0	0	1	0		
10411001	14	1	2	0	0	0	0	1	0		
10411002	1	F03	2	0	0	0	0	1	0		
10411003	14	0	1	0	0	0	0	1	0		
10411101	0		0	0	0	0	0	1	0		
10411201	14	1	1	0	0	0	0	1	0		
10411202	1	F05	1	0	0	0	0	1	0		
10411203	14	0	2	0	0	0	0	1	0		
10411301	1	F04	1	0	0	0	0	1	0		
10411401	0		0	0	0	0	0	1	0		
10411501	0		0	0	0	0	0	1	0		
10411601	14	0	1	0	0	0	0	1	0		
10411701	14	1	1	0	0	0	0	1	0		
10411801	14	0	1	0	0	0	0	1	0		
10411901	0		0	0	0	0	0	1	0		
10412001	14	1	1	0	0	0	0	1	0		
10412002	1	F06	1	0	0	0	0	1	0		
10412101	0		0	0	0	0	0	1	0		
10412201	0		0	0	0	0	0	1	0		
10412301	14	0	1	0	0	0	0	1	0		
10412401	14	1	1	0	0	0	0	1	0		
10412501	14	0	1	0	0	0	0	1	0		
10412601	10		1	0	0	0	0	1	0		
10412602	10		2	0	0	0	0	1	0		
10412603	4	F9	0	0	0	0	0	1	0		
10412604	12	BG/AVG/avg_bg_9953.jpg	0	0	0.5	0	0	1	0		
10412605	13		0	0	1	0	0	1	0		
10412701	0		0	0	0	0	0	1	0		
10412801	0		0	0	0	0	0	1	0		
10412901	0		0	0	0	0	0	1	0		
10413001	0		0	0	0	0	0	1	0		
10413101	0		0	0	0	0	0	1	0		
10413201	0		0	0	0	0	0	1	0		
10413301	0		0	0	0	0	0	1	0		
10413401	0		0	0	0	0	0	1	0		
10413501	0		0	0	0	0	0	1	0		
10413601	0		0	0	0	0	0	1	0		
10413701	0		0	0	0	0	0	1	0		
10413801	0		0	0	0	0	0	1	0		
10413901	0		0	0	0	0	0	1	0		
10414001	0		0	0	0	0	0	1	0		
10414101	0		0	0	0	0	0	1	0		
10414201	0		0	0	0	0	0	1	0		
10414301	0		0	0	0	0	0	1	0		
10414401	0		0	0	0	0	0	1	0		
10414501	0		0	0	0	0	0	1	0		
10414601	0		0	0	0	0	0	1	0		
10414701	0		0	0	0	0	0	1	0		
10414801	0		0	0	0	0	0	1	0		
10414901	0		0	0	0	0	0	1	0		
10415001	13		0	0	1	0	0	1	0		
10415101	0		0	0	0	0	0	1	0		
10415201	0		0	0	0	0	0	1	0		
10415301	4	F9	0	0	0	0	0	1	0		
10415302	12	BG/AVG/avg_bg_9952.jpg	0	0	0.5	0	0	1	0		
10415303	13		0	0	1	0	0	1	0		
10415401	0		0	0	0	0	0	1	0		
10415501	0		0	0	0	0	0	1	0		
10415601	15		0	0	0.5	0	0	1	6		
10415701	0		0	0	0	0	0	1	0		
10420101	12	BG/AVG/avg_bg_090.jpg	0	0	0.5	0	0	1	0		
10420102	13		0	0	1	0	0	1	0		
10420201	0		0	0	0	0	0	1	0		
10420301	0		0	0	0	0	0	1	0		
10420401	0		0	0	0	0	0	1	0		
10420501	0		0	0	0	0	0	1	0		
10420601	0		0	0	0	0	0	1	0		
10420701	0		0	0	0	0	0	1	0		
10420801	0		0	0	0	0	0	1	0		
10420901	16	F1	0	0	0	0	0	1	0		
10420902	12	BG/AVG/avg_bg_089.jpg	0	0	0.5	0	0	1	0		
10420903	13		0	0	1	0	0	1	0		
10421001	15		0	0	0.5	0	0	1	6		
10421101	9	F02,Spine/NG2D_nobg,AVG_00101	1	-250,0	0	0	0	1	0		
10421102	14	1	1	0	0	0	0	1	0		
10421201	14	0	1	0	0	0	0	1	0		
10421301	14	1	1	0	0	0	0	1	0		
10421401	14	0	1	0	0	0	0	1	0		
10421501	14	1	1	0	0	0	0	1	0		
10421502	1	F05	1	0	0	0	0	1	0		
10421601	14	0	1	0	0	0	0	1	0		
10421701	0		0	0	0	0	0	1	0		
10421801	0		0	0	0	0	0	1	0		
10421901	15		0	0	0.5	0	0	1	6		
10422001	14	1	1	0	0	0	0	1	0		
10422101	14	0	1	0	0	0	0	1	0		
10422102	9	F08,Spine/NG2D_nobg,AVG_99001	2	250,0	0	0	0	1	0		
10422103	14	1	2	0	0	0	0	1	0		
10422201	14	0	2	0	0	0	0	1	0		
10422301	15		0	0	0.5	0	0	1	6		
10422401	14	1	2	0	0	0	0	1	0		
10422501	14	0	2	0	0	0	0	1	0		
10422601	10		2	0	0	0	0	1	0		
10422602	9	F04,Spine/NG2D_nobg,AVG_00201	2	250,0	0.3	0	0	1	0		
10422603	14	1	2	0	0	0	0	1	0		
10422701	14	1	1	0	0	0	0	1	0		
10422702	14	0	2	0	0	0	0	1	0		
10422801	10		1	0	0	0	0	1	0		
10422802	10		2	0	0	0	0	1	0		
10422803	4	F9	0	0	0	0	0	1	0		
10422804	12	BG/AVG/avg_bg_9954.jpg	0	0	0.5	0	0	1	0		
10422805	13		0	0	1	0	0	1	0		
10422901	0		0	0	0	0	0	1	0		
10423001	0		0	0	0	0	0	1	0		
10423101	0		0	0	0	0	0	1	0		
10423201	0		0	0	0	0	0	1	0		
10423301	0		0	0	0	0	0	1	0		
10423401	0		0	0	0	0	0	1	0		
10423501	0		0	0	0	0	0	1	0		
10423601	0		0	0	0	0	0	1	0		
10423701	0		0	0	0	0	0	1	0		
10423801	0		0	0	0	0	0	1	0		
10423901	0		0	0	0	0	0	1	0		
10424001	0		0	0	0	0	0	1	0		
10424101	0		0	0	0	0	0	1	0		
10424201	0		0	0	0	0	0	1	0		
10424301	0		0	0	0	0	0	1	0		
10424401	0		0	0	0	0	0	1	0		
10424501	0		0	0	0	0	0	1	0		
10424601	0		0	0	0	0	0	1	0		
10424701	0		0	0	0	0	0	1	0		
10424801	0		0	0	0	0	0	1	0		
10424901	0		0	0	0	0	0	1	0		
10425001	0		0	0	0	0	0	1	0		
10425101	15		0	0	0.5	0	0	1	6		
10425201	4	F9	0	0	0	0	0	1	0		
10425202	12	BG/AVG/avg_bg_089.jpg	0	0	0.5	0	0	1	0		
10425203	13		0	0	1	0	0	1	0		
10425301	0		0	0	0	0	0	1	0		
10425401	9	F04,Spine/NG2D_nobg,AVG_00201	1	0,0	0	0	0	1	0		
10425402	14	1	1	0	0	0	0	1	0		
10425501	14	0	1	0	0	0	0	1	0		
10425601	14	1	1	0	0	0	0	1	0		
10425701	14	0	1	0	0	0	0	1	0		
10425801	10		1	0	0	0	0	1	0		
10425802	16	F1	0	0	0	0	0	1	0		
10425803	12	BG/AVG/avg_bg_124.jpg	0	0	0.5	0	0	1	0		
10425804	13		0	0	1	0	0	1	0		
10425901	9	F05,Spine/NG2D_nobg,AVG_00201	1	0,0	0	0	0	1	0		
10425902	14	1	1	0	0	0	0	1	0		
10426001	14	0	1	0	0	0	0	1	0		
10426101	14	1	1	0	0	0	0	1	0		
10426102	1	F04	1	0	0	0	0	1	0		
10426201	0		0	0	0	0	0	1	0		
10426301	14	0	1	0	0	0	0	1	0		
10426401	14	1	1	0	0	0	0	1	0		
10426501	0		0	0	0	0	0	1	0		
10426601	0		0	0	0	0	0	1	0		
10426701	14	0	1	0	0	0	0	1	0		
10426801	14	1	1	0	0	0	0	1	0		
10426901	14	0	1	0	0	0	0	1	0		
10427001	0		0	0	0	0	0	1	0		
10427101	14	1	1	0	0	0	0	1	0		
10427102	1	F05	1	0	0	0	0	1	0		
10427201	14	0	1	0	0	0	0	1	0		
10427301	0		0	0	0	0	0	1	0		
10427401	0		0	0	0	0	0	1	0		
10427501	16	F2	0	0	0	0	0	1	0		
10427502	15		0	0	0.5	0	0	1	6		
10427503	13		0	0	0.5	0	0	1	0		
10427601	0		0	0	0	0	0	1	0		
10427701	14	1	1	0	0	0	0	1	0		
10427702	1	F04	1	0	0	0	0	1	0		
10427801	14	0	1	0	0	0	0	1	0		
10427901	0		0	0	0	0	0	1	0		
10428001	16	F2	0	0	0	0	0	1	0		
10428002	15		0	0	0.5	0	0	1	6		
10428003	13		0	0	0.5	0	0	1	0		
10428101	0		0	0	0	0	0	1	0		
10428201	14	1	1	0	0	0	0	1	0		
10610101	12	BG/AVG/avg_bg_050.jpg	0	0	0.5	0	0	1	0		
10610201	0		0	0	0	0	0	1	0		
10610301	0		0	0	0	0	0	1	0		
10610401	0		0	0	0	0	0	1	0		
10610501	0		0	0	0	0	0	1	0		
10610601	0		0	0	0	0	0	1	0		
10610701	0		0	0	0	0	0	1	0		
10610801	0		0	0	0	0	0	1	0		
10610901	0		0	0	0	0	0	1	0		
10611001	0		0	0	0	0	0	1	0		
10611101	0		0	0	0	0	0	1	0		
10611201	0		0	0	0	0	0	1	0		
10611301	0		0	0	0	0	0	1	0		
10611401	4	F9	0	0	0	0	0	1	0		
10611402	12	BG/AVG/avg_bg_9956.jpg	0	0	0.5	0	0	1	0		
10611403	13		0	0	1	0	0	1	0		
10611501	0		0	0	0	0	0	1	0		
10611601	13		0	0	1	0	0	1	0		
10611701	0		0	0	0	0	0	1	0		
10611801	0		0	0	0	0	0	1	0		
10611901	0		0	0	0	0	0	1	0		
10612001	0		0	0	0	0	0	1	0		
10612101	0		0	0	0	0	0	1	0		
10612201	4	F9	0	0	0	0	0	1	0		
10612202	12	BG/AVG/avg_bg_9958.jpg	0	0	0.5	0	0	1	0		
10612203	13		0	0	1	0	0	1	0		
10612301	0		0	0	0	0	0	1	0		
10612401	0		0	0	0	0	0	1	0		
10612501	0		0	0	0	0	0	1	0		
10612601	0		0	0	0	0	0	1	0		
10612701	0		0	0	0	0	0	1	0		
10612801	13		0	0	1	0	0	1	0		
10612901	0		0	0	0	0	0	1	0		
10613001	0		0	0	0	0	0	1	0		
10613101	0		0	0	0	0	0	1	0		
10613201	4	F9	0	0	0	0	0	1	0		
10613202	12	BG/AVG/avg_bg_9960.jpg	0	0	0.5	0	0	1	0		
10613203	13		0	0	1	0	0	1	0		
10613301	13		0	0	1	0	0	1	0		
10613401	0		0	0	0	0	0	1	0		
10613501	0		0	0	0	0	0	1	0		
10613601	0		0	0	0	0	0	1	0		
10613701	0		0	0	0	0	0	1	0		
10613801	0		0	0	0	0	0	1	0		
10613901	0		0	0	0	0	0	1	0		
10614001	0		0	0	0	0	0	1	0		
10614101	0		0	0	0	0	0	1	0		
10614201	0		0	0	0	0	0	1	0		
10614301	0		0	0	0	0	0	1	0		
10614401	0		0	0	0	0	0	1	0		
10614501	0		0	0	0	0	0	1	0		
10614601	4	F9	0	0	0	0	0	1	0		
10614602	12	BG/AVG/avg_bg_050.jpg	0	0	0.5	0	0	1	0		
10614603	13		0	0	1	0	0	1	0		
10614701	0		0	0	0	0	0	1	0		
10614801	0		0	0	0	0	0	1	0		
10614901	0		0	0	0	0	0	1	0		
10615001	0		0	0	0	0	0	1	0		
10615101	0		0	0	0	0	0	1	0		
10615201	0		0	0	0	0	0	1	0		
10615301	0		0	0	0	0	0	1	0		
10615401	0		0	0	0	0	0	1	0		
10615501	0		0	0	0	0	0	1	0		
10615601	0		0	0	0	0	0	1	0		
10615701	0		0	0	0	0	0	1	0		
10615801	0		0	0	0	0	0	1	0		
10615901	0		0	0	0	0	0	1	0		
10616001	0		0	0	0	0	0	1	0		
10616101	0		0	0	0	0	0	1	0		
10616201	0		0	0	0	0	0	1	0		
10616301	0		0	0	0	0	0	1	0		
10616401	0		0	0	0	0	0	1	0		
10616501	0		0	0	0	0	0	1	0		
10616601	0		0	0	0	0	0	1	0		
10616701	0		0	0	0	0	0	1	0		
10616801	0		0	0	0	0	0	1	0		
10616901	0		0	0	0	0	0	1	0		
10617001	0		0	0	0	0	0	1	0		
10617101	0		0	0	0	0	0	1	0		
10617201	0		0	0	0	0	0	1	0		
10617301	0		0	0	0	0	0	1	0		
10617401	4	F9	0	0	0	0	0	1	0		
10617402	12	BG/AVG/avg_bg_124.jpg	0	0	0.5	0	0	1	0		
10617403	13		0	0	1	0	0	1	0		
10617501	0		0	0	0	0	0	1	0		
10617601	9	F05,Spine/NG2D_nobg,AVG_00201	1	0,0	0	0	0	1	0		
10617602	14	1	1	0	0	0	0	1	0		
10617701	0		0	0	0	0	0	1	0		
10617801	0		0	0	0	0	0	1	0		
10617901	14	0	1	0	0	0	0	1	0		
10618001	14	1	1	0	0	0	0	1	0		
10618101	0		0	0	0	0	0	1	0		
10618201	0		0	0	0	0	0	1	0		
10618301	0		0	0	0	0	0	1	0		
10618401	14	0	1	0	0	0	0	1	0		
10618501	14	1	1	0	0	0	0	1	0		
10618601	1	F04	1	0	0	0	0	1	0		
10618701	14	0	1	0	0	0	0	1	0		
10618801	14	1	1	0	0	0	0	1	0		
10618802	1	F02	1	0	0	0	0	1	0		
10618901	0		0	0	0	0	0	1	0		
10619001	14	0	1	0	0	0	0	1	0		
10619101	14	1	1	0	0	0	0	1	0		
10619201	0		0	0	0	0	0	1	0		
10810101	12	BG/AVG/avg_bg_9962.jpg	0	0	0.5	0	0	1	0		
10810201	0		0	0	0	0	0	1	0		
10810301	0		0	0	0	0	0	1	0		
10810401	0		0	0	0	0	0	1	0		
10810501	0		0	0	0	0	0	1	0		
10810601	0		0	0	0	0	0	1	0		
10810701	0		0	0	0	0	0	1	0		
10810801	0		0	0	0	0	0	1	0		
10810901	0		0	0	0	0	0	1	0		
10811001	0		0	0	0	0	0	1	0		
10811101	4	F9	0	0	0	0	0	1	0		
10811102	12	BG/AVG/avg_bg_124.jpg	0	0	0.5	0	0	1	0		
10811103	13		0	0	1	0	0	1	0		
10811201	9	F04,Spine/NG2D_nobg,AVG_00201	1	0,0	0	0	0	1	0		
10811202	14	1	1	0	0	0	0	1	0		
10811301	14	0	1	0	0	0	0	1	0		
10811401	14	1	1	0	0	0	0	1	0		
10811402	1	F05	1	0	0	0	0	1	0		
10811501	0		0	0	0	0	0	1	0		
10811601	0		0	0	0	0	0	1	0		
10811701	14	0	1	0	0	0	0	1	0		
10811801	14	1	1	0	0	0	0	1	0		
10811901	0		0	0	0	0	0	1	0		
10812001	0		0	0	0	0	0	1	0		
10812101	14	0	1	0	0	0	0	1	0		
10812201	0		0	0	0	0	0	1	0		
10812301	14	1	1	0	0	0	0	1	0		
10812401	14	0	1	0	0	0	0	1	0		
10812501	14	1	1	0	0	0	0	1	0		
10812502	1	F04	1	0	0	0	0	1	0		
10812601	10		1	0	0	0	0	1	0		
10812602	4	F9	0	0	0	0	0	1	0		
10812603	12	BG/AVG/avg_bg_9952.jpg	0	0	0.5	0	0	1	0		
10812604	13		0	0	1	0	0	1	0		
10812701	0		0	0	0	0	0	1	0		
10812801	0		0	0	0	0	0	1	0		
10812901	0		0	0	0	0	0	1	0		
10813001	0		0	0	0	0	0	1	0		
10813101	0		0	0	0	0	0	1	0		
10813201	0		0	0	0	0	0	1	0		
10813301	0		0	0	0	0	0	1	0		
10813401	0		0	0	0	0	0	1	0		
10813501	0		0	0	0	0	0	1	0		
10813601	0		0	0	0	0	0	1	0		
10813701	15		0	0	0.5	0	0	1	6		
10813801	0		0	0	0	0	0	1	0		
10813901	0		0	0	0	0	0	1	0		
10814001	0		0	0	0	0	0	1	0		
10814101	0		0	0	0	0	0	1	0		
10814201	0		0	0	0	0	0	1	0		
10814301	0		0	0	0	0	0	1	0		
10814401	0		0	0	0	0	0	1	0		
10814501	15		0	0	0.5	0	0	1	10		
10814601	0		0	0	0	0	0	1	0		
10814701	0		0	0	0	0	0	1	0		
10820101	9	F02,Spine/NG2D_nobg,AVG_00101	1	-250,0	0	0	0	1	0		
10820102	14	1	1	0	0	0	0	1	0		
10820201	14	0	1	0	0	0	0	1	0		
10820301	14	1	1	0	0	0	0	1	0		
10820401	9	F04,Spine/NG2D_nobg,AVG_00201	2	250,0	0	0	0	1	0		
10820402	14	1	2	0	0	0	0	1	0		
10820403	14	0	1	0	0	0	0	1	0		
10820501	0		0	0	0	0	0	1	0		
10820601	14	1	1	0	0	0	0	1	0		
10820602	14	0	2	0	0	0	0	1	0		
10820701	16	F2	0	0	0	0	0	1	0		
10820702	15		0	0	0.5	0	0	1	6		
10820703	13		0	0	0.5	0	0	1	0		
10820801	1	F04	1	0	0	0	0	1	0		
10820901	14	1	2	0	0	0	0	1	0		
10820902	14	0	1	0	0	0	0	1	0		
10821001	1	F02	2	0	0	0	0	1	0		
10821101	0		0	0	0	0	0	1	0		
10821201	14	0	2	0	0	0	0	1	0		
10821202	15		0	0	0.5	0	0	1	6		
10821301	14	1	2	0	0	0	0	1	0		
10821401	14	1	1	0	0	0	0	1	0		
10821402	14	0	2	0	0	0	0	1	0		
10821501	14	0	1	0	0	0	0	1	0		
10821502	15		0	0	0.5	0	0	1	10		
10821503	13		0	0	0.5	0	0	1	0		
10821601	14	1	2	0	0	0	0	1	0		
10821602	1	F04	2	0	0	0	0	1	0		
10821701	14	0	2	0	0	0	0	1	0		
10821801	14	1	1	0	0	0	0	1	0		
10821901	15		0	0	0.5	0	0	1	10		
10821902	13		0	0	0.5	0	0	1	0		
10822001	10		1	0	0	0	0	1	0		
10822002	10		2	0	0	0	0	1	0		
10822003	4	F9	0	0	0	0	0	1	0		
10822004	12	BG/AVG/avg_bg_9963.jpg	0	0	0.5	0	0	1	0		
10822005	13		0	0	1	0	0	1	0		
10822101	0		0	0	0	0	0	1	0		
10822201	0		0	0	0	0	0	1	0		
10822301	0		0	0	0	0	0	1	0		
10822401	0		0	0	0	0	0	1	0		
10822501	0		0	0	0	0	0	1	0		
10822601	0		0	0	0	0	0	1	0		
10822701	0		0	0	0	0	0	1	0		
10822801	4	F9	0	0	0	0	0	1	0		
10822802	12	BG/AVG/avg_bg_001.jpg	0	0	0.5	0	0	1	0		
10822803	13		0	0	1	0	0	1	0		
10822901	0		0	0	0	0	0	1	0		
10823001	0		0	0	0	0	0	1	0		
10823101	13		0	0	1	0	0	1	0		
10823201	0		0	0	0	0	0	1	0		
10823301	13		0	0	1	0	0	1	0		
10823401	4	F9	0	0	0	0	0	1	0		
10823402	12	BG/AVG/avg_bg_9965.jpg	0	0	0.5	0	0	1	0		
10823403	13		0	0	1	0	0	1	0		
10823501	0		0	0	0	0	0	1	0		
10823601	0		0	0	0	0	0	1	0		
10823701	0		0	0	0	0	0	1	0		
10823801	0		0	0	0	0	0	1	0		
10823901	0		0	0	0	0	0	1	0		
10824001	0		0	0	0	0	0	1	0		
10824101	0		0	0	0	0	0	1	0		
10824201	0		0	0	0	0	0	1	0		
10824301	0		0	0	0	0	0	1	0		
10824401	0		0	0	0	0	0	1	0		
10824501	0		0	0	0	0	0	1	0		
10824601	0		0	0	0	0	0	1	0		
10824701	0		0	0	0	0	0	1	0		
10824801	0		0	0	0	0	0	1	0		
10824901	0		0	0	0	0	0	1	0		
10825001	0		0	0	0	0	0	1	0		
10825101	0		0	0	0	0	0	1	0		
10825201	13		0	0	1	0	0	1	0		
10825301	0		0	0	0	0	0	1	0		
10825401	0		0	0	0	0	0	1	0		
10825501	0		0	0	0	0	0	1	0		
10825601	0		0	0	0	0	0	1	0		
10825701	0		0	0	0	0	0	1	0		
10825801	4	F9	0	0	0	0	0	1	0		
10825802	12	BG/AVG/avg_bg_9977.jpg	0	0	0.5	0	0	1	0		
10825803	13		0	0	1	0	0	1	0		
10825901	0		0	0	0	0	0	1	0		
10826001	0		0	0	0	0	0	1	0		
10826101	0		0	0	0	0	0	1	0		
10826201	0		0	0	0	0	0	1	0		
10826301	4	F9	0	0	0	0	0	1	0		
10826302	12	BG/AVG/avg_bg_125.jpg	0	0	0.5	0	0	1	0		
10826303	13		0	0	1	0	0	1	0		
10826401	9	F04,Spine/NG2D_nobg,AVG_00201	1	0,0	0	0	0	1	0		
10826402	14	1	1	0	0	0	0	1	0		
10826501	1	F02	1	0	0	0	0	1	0		
10826601	14	0	1	0	0	0	0	1	0		
10826701	0		0	0	0	0	0	1	0		
10826801	0		0	0	0	0	0	1	0		
10826901	15		0	0	0.5	0	0	1	6		
10827001	0		0	0	0	0	0	1	0		
10827101	0		0	0	0	0	0	1	0		
10827201	0		0	0	0	0	0	1	0		
10827301	14	1	1	0	0	0	0	1	0		
10827302	1	F04	1	0	0	0	0	1	0		
10827401	0		0	0	0	0	0	1	0		
10827501	14	0	1	0	0	0	0	1	0		
10827601	0		0	0	0	0	0	1	0		
10827701	0		0	0	0	0	0	1	0		
10827801	0		0	0	0	0	0	1	0		
10827901	0		0	0	0	0	0	1	0		
10828001	15		0	0	0.5	0	0	1	6		
10828101	14	1	1	0	0	0	0	1	0		
10828102	1	F02	1	0	0	0	0	1	0		
10828201	0		0	0	0	0	0	1	0		
10828301	0		0	0	0	0	0	1	0		
10828401	14	0	1	0	0	0	0	1	0		
11010101	9	F05,Spine/NG2D_nobg,AVG_00201	1	0,0	0	0	0	1	0		
11010102	14	1	1	0	0	0	0	1	0		
11010201	14	0	1	0	0	0	0	1	0		
11010301	0		0	0	0	0	0	1	0		
11010401	0		0	0	0	0	0	1	0		
11010501	0		0	0	0	0	0	1	0		
11010601	0		0	0	0	0	0	1	0		
11010701	0		0	0	0	0	0	1	0		
11010801	14	1	1	0	0	0	0	1	0		
11010802	1	F02	1	0	0	0	0	1	0		
11010901	16	F2	0	0	0	0	0	1	0		
11010902	13		0	0	0.5	0	0	1	0		
11011001	14	0	1	0	0	0	0	1	0		
11011101	16	F2	0	0	0	0	0	1	0		
11011102	15		0	0	0.5	0	0	1	6		
11011103	13		0	0	0.5	0	0	1	0		
11011201	14	1	1	0	0	0	0	1	0		
11011301	14	0	1	0	0	0	0	1	0		
11011401	16	F2	0	0	0	0	0	1	0		
11011402	13		0	0	0.5	0	0	1	0		
11011501	0		0	0	0	0	0	1	0		
11011601	0		0	0	0	0	0	1	0		
11011701	0		0	0	0	0	0	1	0		
11011801	0		0	0	0	0	0	1	0		
11011901	0		0	0	0	0	0	1	0		
11012001	14	1	1	0	0	0	0	1	0		
11012002	1	F04	1	0	0	0	0	1	0		
11012101	0		0	0	0	0	0	1	0		
11012201	14	0	1	0	0	0	0	1	0		
11012301	14	1	1	0	0	0	0	1	0		
11012302	1	F02	1	0	0	0	0	1	0		
11012401	0		0	0	0	0	0	1	0		
11012501	14	0	1	0	0	0	0	1	0		
11012601	14	1	1	0	0	0	0	1	0		
11012701	0		0	0	0	0	0	1	0		
11012801	14	0	1	0	0	0	0	1	0		
11012901	16	F2	0	0	0	0	0	1	0		
11012902	15		0	0	0.5	0	0	1	6		
11012903	13		0	0	0.5	0	0	1	0		
11013001	14	1	1	0	0	0	0	1	0		
11013002	1	F05	1	0	0	0	0	1	0		
11013101	14	0	1	0	0	0	0	1	0		
11013201	0		0	0	0	0	0	1	0		
11013301	0		0	0	0	0	0	1	0		
11013401	0		0	0	0	0	0	1	0		
11013501	14	1	1	0	0	0	0	1	0		
11013502	1	F02	1	0	0	0	0	1	0		
11013601	14	0	1	0	0	0	0	1	0		
11013701	0		0	0	0	0	0	1	0		
11013801	14	1	1	0	0	0	0	1	0		
11013802	1	F06	1	0	0	0	0	1	0		
11013901	14	0	1	0	0	0	0	1	0		
11013902	15		0	0	0.5	0	0	1	6		
11014001	0		0	0	0	0	0	1	0		
11014101	0		0	0	0	0	0	1	0		
11014201	0		0	0	0	0	0	1	0		
11014301	0		0	0	0	0	0	1	0		
11014401	0		0	0	0	0	0	1	0		
11014501	16	F2	0	0	0	0	0	1	0		
11014502	15		0	0	0.5	0	0	1	6		
11014503	13		0	0	0.5	0	0	1	0		
11014601	0		0	0	0	0	0	1	0		
11014701	0		0	0	0	0	0	1	0		
11014801	0		0	0	0	0	0	1	0		
11014901	0		0	0	0	0	0	1	0		
11015001	0		0	0	0	0	0	1	0		
11020101	12	BG/AVG/avg_bg_126.jpg	0	0	0.5	0	0	1	0		
11020201	0		0	0	0	0	0	1	0		
11020301	0		0	0	0	0	0	1	0		
11020401	0		0	0	0	0	0	1	0		
11020501	0		0	0	0	0	0	1	0		
11020601	0		0	0	0	0	0	1	0		
11020701	0		0	0	0	0	0	1	0		
11020801	0		0	0	0	0	0	1	0		
11020901	0		0	0	0	0	0	1	0		
11021001	0		0	0	0	0	0	1	0		
11021101	16	F1	0	0	0	0	0	1	0		
11021102	12	BG/AVG/avg_bg_9966.jpg	0	0	0.5	0	0	1	0		
11021103	13		0	0	1	0	0	1	0		
11021201	0		0	0	0	0	0	1	0		
11021301	0		0	0	0	0	0	1	0		
11021401	0		0	0	0	0	0	1	0		
11021501	0		0	0	0	0	0	1	0		
11021601	0		0	0	0	0	0	1	0		
11021701	0		0	0	0	0	0	1	0		
11021801	0		0	0	0	0	0	1	0		
11021901	0		0	0	0	0	0	1	0		
11022001	0		0	0	0	0	0	1	0		
11022101	0		0	0	0	0	0	1	0		
11022201	0		0	0	0	0	0	1	0		
11022301	0		0	0	0	0	0	1	0		
11022401	0		0	0	0	0	0	1	0		
11022501	13		0	0	1	0	0	1	0		
11022601	0		0	0	0	0	0	1	0		
11022701	0		0	0	0	0	0	1	0		
11022801	0		0	0	0	0	0	1	0		
11022901	4	F9	0	0	0	0	0	1	0		
11022902	12	BG/AVG/avg_bg_127.jpg	0	0	0.5	0	0	1	0		
11022903	13		0	0	1	0	0	1	0		
11023001	0		0	0	0	0	0	1	0		
11023101	16	F2	0	0	0	0	0	1	0		
11023102	15		0	0	0.5	0	0	1	6		
11023103	13		0	0	0.5	0	0	1	0		
11023201	0		0	0	0	0	0	1	0		
11023301	0		0	0	0	0	0	1	0		
11023401	0		0	0	0	0	0	1	0		
11023501	0		0	0	0	0	0	1	0		
11023601	16	F2	0	0	0	0	0	1	0		
11023602	15		0	0	0.5	0	0	1	6		
11023603	13		0	0	0.5	0	0	1	0		
11023701	16	F2	0	0	0	0	0	1	0		
11023702	15		0	0	0.5	0	0	1	6		
11023703	13		0	0	0.5	0	0	1	0		
11023801	0		0	0	0	0	0	1	0		
11023901	0		0	0	0	0	0	1	0		
11024001	0		0	0	0	0	0	1	0		
11024101	4	F9	0	0	0	0	0	1	0		
11024102	12	BG/AVG/avg_bg_9968.jpg	0	0	0.5	0	0	1	0		
11024103	13		0	0	1	0	0	1	0		
11024201	0		0	0	0	0	0	1	0		
11024301	0		0	0	0	0	0	1	0		
11024401	0		0	0	0	0	0	1	0		
11024501	0		0	0	0	0	0	1	0		
11024601	0		0	0	0	0	0	1	0		
11024701	0		0	0	0	0	0	1	0		
11024801	0		0	0	0	0	0	1	0		
11024901	0		0	0	0	0	0	1	0		
11025001	0		0	0	0	0	0	1	0		
11025101	0		0	0	0	0	0	1	0		
11025201	0		0	0	0	0	0	1	0		
11025301	0		0	0	0	0	0	1	0		
11025401	0		0	0	0	0	0	1	0		
11025501	4	F9	0	0	0	0	0	1	0		
11025502	12	BG/AVG/avg_bg_9967.jpg	0	0	0.5	0	0	1	0		
11025503	13		0	0	1	0	0	1	0		
11025601	0		0	0	0	0	0	1	0		
11025701	0		0	0	0	0	0	1	0		
11025801	0		0	0	0	0	0	1	0		
11025901	4	F9	0	0	0	0	0	1	0		
11025902	12	BG/AVG/avg_bg_9968.jpg	0	0	0.5	0	0	1	0		
11025903	13		0	0	1	0	0	1	0		
11026001	0		0	0	0	0	0	1	0		
11026101	0		0	0	0	0	0	1	0		
11026201	0		0	0	0	0	0	1	0		
11026301	0		0	0	0	0	0	1	0		
11026401	0		0	0	0	0	0	1	0		
11026501	0		0	0	0	0	0	1	0		
11026601	0		0	0	0	0	0	1	0		
11026701	0		0	0	0	0	0	1	0		
11026801	0		0	0	0	0	0	1	0		
11026901	16	F2	0	0	0	0	0	1	0		
11026902	15		0	0	0.5	0	0	1	6		
11026903	13		0	0	0.5	0	0	1	0		
11027001	0		0	0	0	0	0	1	0		
11027101	4	F9	0	0	0	0	0	1	0		
11027102	12	BG/AVG/avg_bg_127.jpg	0	0	0.5	0	0	1	0		
11027103	13		0	0	1	0	0	1	0		
11027201	0		0	0	0	0	0	1	0		
11027301	0		0	0	0	0	0	1	0		
11027401	0		0	0	0	0	0	1	0		
11027501	16	F2	0	0	0	0	0	1	0		
11027502	15		0	0	0.5	0	0	1	6		
11027503	13		0	0	0.5	0	0	1	0		
11027601	9	F05,Spine/NG2D_nobg,AVG_00201	2	250,0	0	0	0	1	0		
11027602	14	1	2	0	0	0	0	1	0		
11027701	14	0	2	0	0	0	0	1	0		
11027801	0		0	0	0	0	0	1	0		
11027901	14	1	2	0	0	0	0	1	0		
11027902	1	F02	2	0	0	0	0	1	0		
11028001	9	F02,Spine/NG2D_nobg,AVG_00101	1	-250,0	0.3	0	0	1	0		
11028002	14	1	1	0	0	0	0	1	0		
11028003	14	0	2	0	0	0	0	1	0		
11028101	16	F2	0	0	0	0	0	1	0		
11028102	15		0	0	0.5	0	0	1	6		
11028103	13		0	0	0.5	0	0	1	0		
11028201	14	0	1	0	0	0	0	1	0		
11028301	14	1	2	0	0	0	0	1	0		
11028302	1	F04	2	0	0	0	0	1	0		
11028401	14	1	1	0	0	0	0	1	0		
11028402	14	0	2	0	0	0	0	1	0		
11028501	0		0	0	0	0	0	1	0		
11028601	14	1	2	0	0	0	0	1	0		
11028602	1	F01	2	0	0	0	0	1	0		
11028603	14	0	1	0	0	0	0	1	0		
11028701	14	1	1	0	0	0	0	1	0		
11028702	1	F06	1	0	0	0	0	1	0		
11028801	14	1	2	0	0	0	0	1	0		
11028802	14	0	1	0	0	0	0	1	0		
11028901	0		0	0	0	0	0	1	0		
11029001	14	1	1	0	0	0	0	1	0		
11029002	14	0	2	0	0	0	0	1	0		
11029101	1	A00	1	0	0	0	0	1	0		
11029201	14	0	1	0	0	0	0	1	0		
11029301	14	1	1	0	0	0	0	1	0		
11029401	1	F01	1	0	0	0	0	1	0		
11029501	14	0	1	0	0	0	0	1	0		
11029601	14	1	2	0	0	0	0	1	0		
11029602	1	F02	2	0	0	0	0	1	0		
11029701	0		0	0	0	0	0	1	0		
11029801	14	0	2	0	0	0	0	1	0		
11029802	14	1	1	0	0	0	0	1	0		
11029803	1	F02	1	0	0	0	0	1	0		
11029901	0		0	0	0	0	0	1	0		
11210101	9	F02,Spine/NG2D_nobg,AVG_00201	2	250,0	0	0	0	1	0		
11210102	14	1	2	0	0	0	0	1	0		
11210201	16	F2	0	0	0	0	0	1	0		
11210202	15		0	0	0.5	0	0	1	6		
11210203	13		0	0	0.5	0	0	1	0		
11210301	14	0	2	0	0	0	0	1	0		
11210401	14	1	2	0	0	0	0	1	0		
11210501	0		0	0	0	0	0	1	0		
11210601	0		0	0	0	0	0	1	0		
11210701	16	F2	0	0	0	0	0	1	0		
11210702	15		0	0	0.5	0	0	1	6		
11210703	13		0	0	0.5	0	0	1	0		
11210801	14	0	2	0	0	0	0	1	0		
11210901	14	1	2	0	0	0	0	1	0		
11211001	14	0	2	0	0	0	0	1	0		
11211002	9	F02,Spine/NG2D_nobg,AVG_00101	1	-250,0	0	0	0	1	0		
11211003	14	1	1	0	0	0	0	1	0		
11211101	0		0	0	0	0	0	1	0		
11211201	16	F2	0	0	0	0	0	1	0		
11211202	15		0	0	0.5	0	0	1	6		
11211203	13		0	0	0.5	0	0	1	0		
11211301	14	0	1	0	0	0	0	1	0		
11211401	0		0	0	0	0	0	1	0		
11211501	14	1	2	0	0	0	0	1	0		
11211502	1	F04	2	0	0	0	0	1	0		
11211601	1	F01	2	0	0	0	0	1	0		
11211701	0		0	0	0	0	0	1	0		
11211801	14	0	2	0	0	0	0	1	0		
11211901	0		0	0	0	0	0	1	0		
11212001	0		0	0	0	0	0	1	0		
11212101	10		1	0	0	0	0	1	0		
11212102	10		2	0	0	0	0	1	0		
11212103	13		0	0	0.5	0	0	1	0		
11212201	0		0	0	0	0	0	1	0		
11212301	0		0	0	0	0	0	1	0		
11212401	0		0	0	0	0	0	1	0		
11212501	0		0	0	0	0	0	1	0		
11212601	0		0	0	0	0	0	1	0		
11212701	0		0	0	0	0	0	1	0		
11212801	0		0	0	0	0	0	1	0		
11212901	0		0	0	0	0	0	1	0		
11213001	0		0	0	0	0	0	1	0		
11213101	0		0	0	0	0	0	1	0		
11213201	0		0	0	0	0	0	1	0		
11213301	0		0	0	0	0	0	1	0		
11213401	0		0	0	0	0	0	1	0		
11213501	0		0	0	0	0	0	1	0		
11213601	0		0	0	0	0	0	1	0		
11213701	0		0	0	0	0	0	1	0		
11213801	0		0	0	0	0	0	1	0		
11213901	0		0	0	0	0	0	1	0		
11214001	0		0	0	0	0	0	1	0		
11214101	0		0	0	0	0	0	1	0		
11214201	0		0	0	0	0	0	1	0		
11214301	0		0	0	0	0	0	1	0		
11214401	0		0	0	0	0	0	1	0		
11214501	0		0	0	0	0	0	1	0		
11214601	0		0	0	0	0	0	1	0		
11214701	0		0	0	0	0	0	1	0		
11214801	0		0	0	0	0	0	1	0		
11214901	4	F9	0	0	0	0	0	1	0		
11214902	12	BG/AVG/avg_bg_9957.jpg	0	0	0.5	0	0	1	0		
11214903	13		0	0	1	0	0	1	0		
11215001	0		0	0	0	0	0	1	0		
11215101	4	F9	0	0	0	0	0	1	0		
11215102	12	BG/AVG/avg_bg_9959.jpg	0	0	0.5	0	0	1	0		
11215103	13		0	0	1	0	0	1	0		
11215201	0		0	0	0	0	0	1	0		
11215301	4	F9	0	0	0	0	0	1	0		
11215302	12	BG/AVG/avg_bg_9961.jpg	0	0	0.5	0	0	1	0		
11215303	13		0	0	1	0	0	1	0		
11215401	0		0	0	0	0	0	1	0		
11215501	4	F9	0	0	0	0	0	1	0		
11215502	12	BG/AVG/avg_bg_9961.jpg	0	0	0.5	0	0	1	0		
11215503	13		0	0	1	0	0	1	0		
11215601	0		0	0	0	0	0	1	0		
11215701	0		0	0	0	0	0	1	0		
11215801	4	F9	0	0	0	0	0	1	0		
11215802	12	BG/AVG/avg_bg_129.jpg	0	0	0.5	0	0	1	0		
11215803	13		0	0	1	0	0	1	0		
11215901	0		0	0	0	0	0	1	0		
11216001	0		0	0	0	0	0	1	0		
11216101	15		0	0	0.5	0	0	1	10		
11216201	0		0	0	0	0	0	1	0		
11216301	0		0	0	0	0	0	1	0		
11216401	0		0	0	0	0	0	1	0		
11216501	0		0	0	0	0	0	1	0		
11216601	0		0	0	0	0	0	1	0		
11216701	0		0	0	0	0	0	1	0		
11216801	0		0	0	0	0	0	1	0		
11216901	4	F9	0	0	0	0	0	1	0		
11216902	12	BG/AVG/avg_bg_125.jpg	0	0	0.5	0	0	1	0		
11216903	13		0	0	1	0	0	1	0		
11217001	0		0	0	0	0	0	1	0		
11217101	9	F04,Spine/NG2D_nobg,AVG_00201	2	250,0	0	0	0	1	0		
11217102	14	1	2	0	0	0	0	1	0		
11217201	0		0	0	0	0	0	1	0		
11217301	0		0	0	0	0	0	1	0		
11217401	0		0	0	0	0	0	1	0		
11217501	9	F04,Spine/NG2D_nobg,AVG_00101	1	-250,0	0	0	0	1	0		
11217502	14	1	1	0	0	0	0	1	0		
11217503	14	0	2	0	0	0	0	1	0		
11217601	14	1	2	0	0	0	0	1	0		
11217602	1	F02	2	0	0	0	0	1	0		
11217603	14	0	1	0	0	0	0	1	0		
11217701	14	0	2	0	0	0	0	1	0		
11217702	15		0	0	0.5	0	0	1	10		
11217703	13		0	0	1	0	0	1	0		
11217801	14	1	1	0	0	0	0	1	0		
11217901	14	1	2	0	0	0	0	1	0		
11217902	14	0	1	0	0	0	0	1	0		
11217903	1	F04	2	0	0	0	0	1	0		
11218001	16	F2	0	0	0	0	0	1	0		
11218002	15		0	0	0.5	0	0	1	6		
11218003	13		0	0	0.5	0	0	1	0		
11218101	10		2	0	0	0	0	1	0		
11218102	10		1	0	0	0	0	1	0		
11218103	4	F9	0	0	0	0	0	1	0		
11218104	12	BG/AVG/avg_bg_9970.jpg	0	0	0.5	0	0	1	0		
11218105	13		0	0	1	0	0	1	0		
11218201	13		0	0	0.5	0	0	1	0		
11218301	0		0	0	0	0	0	1	0		
11218401	0		0	0	0	0	0	1	0		
11218501	0		0	0	0	0	0	1	0		
11218601	0		0	0	0	0	0	1	0		
11218701	0		0	0	0	0	0	1	0		
11218801	0		0	0	0	0	0	1	0		
11218901	0		0	0	0	0	0	1	0		
11219001	0		0	0	0	0	0	1	0		
11220101	12	BG/AVG/avg_bg_125.jpg	0	0	0.5	0	0	1	0		
11220201	15		0	0	0.5	0	0	1	10		
11220202	13		0	0	1	0	0	1	0		
11220301	9	F02,Spine/NG2D_nobg,AVG_00101	1	-250,0	0	0	0	1	0		
11220302	14	1	1	0	0	0	0	1	0		
11220401	14	0	1	0	0	0	0	1	0		
11220501	14	1	1	0	0	0	0	1	0		
11220601	16	F2	0	0	0	0	0	1	0		
11220602	15		0	0	0.5	0	0	1	6		
11220603	13		0	0	0.5	0	0	1	0		
11220701	14	0	1	0	0	0	0	1	0		
11220801	9	F02,Spine/NG2D_nobg,AVG_00201	2	250,0	0	0	0	1	0		
11220802	14	1	2	0	0	0	0	1	0		
11220901	0		0	0	0	0	0	1	0		
11221001	14	0	2	0	0	0	0	1	0		
11221101	10		2	0	0	0	0	1	0		
11221102	10		1	0	0	0	0	1	0		
11221103	4	F9	0	0	0	0	0	1	0		
11221104	12	BG/AVG/avg_bg_9971.jpg	0	0	0.5	0	0	1	0		
11221105	13		0	0	1	0	0	1	0		
11221201	16	F2	0	0	0	0	0	1	0		
11221202	15		0	0	0.5	0	0	1	6		
11221203	13		0	0	0.5	0	0	1	0		
11221301	16	F2	0	0	0	0	0	1	0		
11221302	15		0	0	0.5	0	0	1	6		
11221303	13		0	0	0.5	0	0	1	0		
11221401	0		0	0	0	0	0	1	0		
11221501	0		0	0	0	0	0	1	0		
11221601	0		0	0	0	0	0	1	0		
11221701	15		0	0	0.5	0	0	1	10		
11221801	0		0	0	0	0	0	1	0		
11221901	0		0	0	0	0	0	1	0		
11222001	16	F2	0	0	0	0	0	1	0		
11222002	13		0	0	0.5	0	0	1	0		
11222101	0		0	0	0	0	0	1	0		
11222201	0		0	0	0	0	0	1	0		
11222301	0		0	0	0	0	0	1	0		
11222401	0		0	0	0	0	0	1	0		
11222501	0		0	0	0	0	0	1	0		
11222601	4	F9	0	0	0	0	0	1	0		
11222602	12	BG/AVG/avg_bg_9966.jpg	0	0	0.5	0	0	1	0		
11222603	13		0	0	1	0	0	1	0		
11222701	0		0	0	0	0	0	1	0		
11222801	0		0	0	0	0	0	1	0		
11222901	0		0	0	0	0	0	1	0		
11223001	4	F9	0	0	0	0	0	1	0		
11223002	12	BG/AVG/avg_bg_9973.jpg	0	0	0.5	0	0	1	0		
11223003	13		0	0	1	0	0	1	0		
11223101	0		0	0	0	0	0	1	0		
11223201	0		0	0	0	0	0	1	0		
11223301	0		0	0	0	0	0	1	0		
11223401	4	F9	0	0	0	0	0	1	0		
11223402	12	BG/AVG/avg_bg_9973.jpg	0	0	0.5	0	0	1	0		
11223403	13		0	0	1	0	0	1	0		
11223501	15		0	0	0.5	0	0	1	10		
11223601	9	F04,Spine/NG2D_nobg,AVG_00201	1	0,0	0	0	0	1	0		
11223602	14	1	1	0	0	0	0	1	0		
11223701	14	0	1	0	0	0	0	1	0		
11223801	0		0	0	0	0	0	1	0		
11223901	14	1	1	0	0	0	0	1	0		
11223902	1	F01	1	0	0	0	0	1	0		
11224001	0		0	0	0	0	0	1	0		
11224101	14	0	1	0	0	0	0	1	0		
11224201	14	1	1	0	0	0	0	1	0		
11224301	0		0	0	0	0	0	1	0		
11224401	14	0	1	0	0	0	0	1	0		
11224501	14	1	1	0	0	0	0	1	0		
11224601	1	F04	1	0	0	0	0	1	0		
11224701	10		1	0	0	0	0	1	0		
11224702	4	F9	0	0	0	0	0	1	0		
11224703	12	BG/AVG/avg_bg_9970.jpg	0	0	0.5	0	0	1	0		
11224704	13		0	0	1	0	0	1	0		
11224801	13		0	0	0.5	0	0	1	0		
11224901	0		0	0	0	0	0	1	0		
11225001	0		0	0	0	0	0	1	0		
11225101	0		0	0	0	0	0	1	0		
11225201	0		0	0	0	0	0	1	0		
11225301	0		0	0	0	0	0	1	0		
11225401	0		0	0	0	0	0	1	0		
11225501	0		0	0	0	0	0	1	0		
11225601	0		0	0	0	0	0	1	0		
11225701	0		0	0	0	0	0	1	0		
11225801	0		0	0	0	0	0	1	0		
11225901	0		0	0	0	0	0	1	0		
11226001	0		0	0	0	0	0	1	0		
11226101	0		0	0	0	0	0	1	0		
11226201	0		0	0	0	0	0	1	0		
11226301	0		0	0	0	0	0	1	0		
11226401	0		0	0	0	0	0	1	0		
11226501	0		0	0	0	0	0	1	0		
11226601	0		0	0	0	0	0	1	0		
11226701	0		0	0	0	0	0	1	0		
11226801	0		0	0	0	0	0	1	0		
11226901	0		0	0	0	0	0	1	0		
11227001	0		0	0	0	0	0	1	0		
11227101	0		0	0	0	0	0	1	0		
11227201	0		0	0	0	0	0	1	0		
21220101	12	BG/AVG/avg_bg_9974.jpg	0	0	0.5	0	0	1	0		
21220201	0		0	0	0	0	0	1	0		
21220301	0		0	0	0	0	0	1	0		
21220401	0		0	0	0	0	0	1	0		
21220501	4	F9	0	0	0	0	0	1	0		
21220502	12	BG/AVG/avg_bg_9975.jpg	0	0	0.5	0	0	1	0		
21220503	13		0	0	1	0	0	1	0		
21220601	0		0	0	0	0	0	1	0		
21220701	0		0	0	0	0	0	1	0		
21220801	0		0	0	0	0	0	1	0		
21220901	0		0	0	0	0	0	1	0		
21221001	0		0	0	0	0	0	1	0		
21221101	0		0	0	0	0	0	1	0		
21221201	0		0	0	0	0	0	1	0		
21221301	0		0	0	0	0	0	1	0		
21221401	0		0	0	0	0	0	1	0		
21221501	0		0	0	0	0	0	1	0		
21221601	0		0	0	0	0	0	1	0		
21221701	0		0	0	0	0	0	1	0		
21221801	0		0	0	0	0	0	1	0		
21221901	0		0	0	0	0	0	1	0		
21222001	0		0	0	0	0	0	1	0		
21222101	0		0	0	0	0	0	1	0		
21222201	0		0	0	0	0	0	1	0		
21222301	0		0	0	0	0	0	1	0		
21222401	0		0	0	0	0	0	1	0		
21222501	0		0	0	0	0	0	1	0		
21222601	0		0	0	0	0	0	1	0		
21222701	0		0	0	0	0	0	1	0		
21222801	0		0	0	0	0	0	1	0		
21222901	0		0	0	0	0	0	1	0		
21223001	0		0	0	0	0	0	1	0		
21223101	0		0	0	0	0	0	1	0		
21223201	0		0	0	0	0	0	1	0		
21223301	0		0	0	0	0	0	1	0		
21223401	0		0	0	0	0	0	1	0		
21223501	0		0	0	0	0	0	1	0		
21223601	0		0	0	0	0	0	1	0		
21223701	0		0	0	0	0	0	1	0		
21223801	0		0	0	0	0	0	1	0		
21223901	0		0	0	0	0	0	1	0		
21224001	0		0	0	0	0	0	1	0		
21224101	0		0	0	0	0	0	1	0		
21224201	0		0	0	0	0	0	1	0		
21224301	0		0	0	0	0	0	1	0		
21224401	0		0	0	0	0	0	1	0		
21224501	0		0	0	0	0	0	1	0		
21224601	0		0	0	0	0	0	1	0		
21224701	0		0	0	0	0	0	1	0		
21224801	0		0	0	0	0	0	1	0		
21224901	0		0	0	0	0	0	1	0		
21225001	0		0	0	0	0	0	1	0		
21225101	0		0	0	0	0	0	1	0		
21225201	0		0	0	0	0	0	1	0		
21225301	0		0	0	0	0	0	1	0		
21225401	0		0	0	0	0	0	1	0		
21225501	0		0	0	0	0	0	1	0		
21225601	0		0	0	0	0	0	1	0		
21225701	0		0	0	0	0	0	1	0		
21225801	0		0	0	0	0	0	1	0		
21225901	0		0	0	0	0	0	1	0		
21226001	0		0	0	0	0	0	1	0		
21226101	0		0	0	0	0	0	1	0		
21226201	0		0	0	0	0	0	1	0		
21226301	0		0	0	0	0	0	1	0		
21226401	0		0	0	0	0	0	1	0		
21226501	0		0	0	0	0	0	1	0		
21226601	0		0	0	0	0	0	1	0		
21226701	13		0	0	1	0	0	1	0		
21226801	0		0	0	0	0	0	1	0		
21226901	0		0	0	0	0	0	1	0		
21227001	0		0	0	0	0	0	1	0		
21227101	0		0	0	0	0	0	1	0		
21227201	0		0	0	0	0	0	1	0		
21227301	0		0	0	0	0	0	1	0		
21227401	0		0	0	0	0	0	1	0		
21227501	0		0	0	0	0	0	1	0		
21227601	4	F9	0	0	0	0	0	1	0		
21227602	12	BG/AVG/avg_bg_9976.jpg	0	0	0.5	0	0	1	0		
21227603	13		0	0	1	0	0	1	0		
21227701	0		0	0	0	0	0	1	0		
21227801	0		0	0	0	0	0	1	0		
21227901	0		0	0	0	0	0	1	0		
21228001	0		0	0	0	0	0	1	0		
21228101	0		0	0	0	0	0	1	0		
21228201	0		0	0	0	0	0	1	0		
21228301	0		0	0	0	0	0	1	0		
21228401	0		0	0	0	0	0	1	0		
21228501	0		0	0	0	0	0	1	0		
21228601	0		0	0	0	0	0	1	0		
21228701	0		0	0	0	0	0	1	0		
21228801	0		0	0	0	0	0	1	0		
21228901	0		0	0	0	0	0	1	0		
21229001	0		0	0	0	0	0	1	0		
21229101	4	F9	0	0	0	0	0	1	0		
21229102	12	BG/AVG/avg_bg_001.jpg	0	0	0.5	0	0	1	0		
21229103	13		0	0	1	0	0	1	0		
21229201	0		0	0	0	0	0	1	0		
21229301	0		0	0	0	0	0	1	0		
21229401	0		0	0	0	0	0	1	0		
21229501	0		0	0	0	0	0	1	0		
21229601	0		0	0	0	0	0	1	0		
21229701	0		0	0	0	0	0	1	0		
21229801	0		0	0	0	0	0	1	0		
